Activity 1,Activity 2,Activity 3,Activity 4,Activity 5,Activity 6,Activity 7
25,60,120,400,4000,140000,1498960
60,144,288,960,9600,336000,3597504
120,288,576,1920,19200,672000,7195008
400,960,1920,6400,64000,2240000,23983360
4000,9600,19200,64000,640000,22400000,239833600
140000,336000,672000,2240000,22400000,784000000,8394176000
1498960,3597504,7195008,23983360,239833600,8394176000,89875243264
